function data()
return {
	times = { 0, 41.667, 83.333, 125, 166.667, 208.333, 250, 291.667, 333.333, 375, 416.667, 458.333, 500, 541.667, 583.333, 625, 666.667, 708.333, 750, 791.667, 833.333, 875, 916.667, 958.333, 1000, 1041.667, 1083.333, 1125, 1166.667, 1208.333, 1250, 1291.667, 1333.333, 1375, 1416.667, 1458.333, 1500, 1541.667, 1583.333, 1625, 1666.667, 1708.333, 1750, 1791.667, 1833.333, 1875, 1916.667, 1958.333, 2000, 2041.667, 2083.333, },
	transfs = {
		{ 1, 0, 0, 0, 0, 1, 0, 0, 0, 0, 1, 0, 0, 0, 0, 1, },
		{ 1, 0, 0, 0, 0, 0.99999958276749, -0.00082837650552392, 0, 0, 0.00082837650552392, 0.99999958276749, 0, 0, 0, 0, 1, },
		{ 1, 0, 0, 0, 0, 0.99999469518661, -0.0032687243074179, 0, 0, 0.0032687243074179, 0.99999469518661, 0, 0, 0, 0, 1, },
		{ 1, 0, 0, 0, 0, 0.99997371435165, -0.0072538312524557, 0, 0, 0.0072538312524557, 0.99997371435165, 0, 0, 0, 0, 1, },
		{ 1, 0, 0, 0, 0, 0.99991911649704, -0.012716360390186, 0, 0, 0.012716360390186, 0.99991911649704, 0, 0, 0, 0, 1, },
		{ 1, 0, 0, 0, 0, 0.99980813264847, -0.019588744267821, 0, 0, 0.019588744267821, 0.99980813264847, 0, 0, 0, 0, 1, },
		{ 1, 0, 0, 0, 0, 0.99961340427399, -0.027803011238575, 0, 0, 0.027803011238575, 0.99961340427399, 0, 0, 0, 0, 1, },
		{ 1, 0, 0, 0, 0, 0.99930447340012, -0.037290696054697, 0, 0, 0.037290696054697, 0.99930447340012, 0, 0, 0, 0, 1, },
		{ 1, 0, 0, 0, 0, 0.99884819984436, -0.047982659190893, 0, 0, 0.047982659190893, 0.99884819984436, 0, 0, 0, 0, 1, },
		{ 1, 0, 0, 0, 0, 0.99820989370346, -0.059808894991875, 0, 0, 0.059808894991875, 0.99820989370346, 0, 0, 0, 0, 1, },
		{ 1, 0, 0, 0, 0, 0.99735397100449, -0.072698630392551, 0, 0, 0.072698630392551, 0.99735397100449, 0, 0, 0, 0, 1, },
		{ 1, 0, 0, 0, 0, 0.99624490737915, -0.086579963564873, 0, 0, 0.086579963564873, 0.99624490737915, 0, 0, 0, 0, 1, },
		{ 1, 0, 0, 0, 0, 0.99484771490097, -0.10138003528118, 0, 0, 0.10138003528118, 0.99484771490097, 0, 0, 0, 0, 1, },
		{ 1, 0, 0, 0, 0, 0.99312895536423, -0.11702492833138, 0, 0, 0.11702492833138, 0.99312895536423, 0, 0, 0, 0, 1, },
		{ 1, 0, 0, 0, 0, 0.99105697870255, -0.13343960046768, 0, 0, 0.13343960046768, 0.99105697870255, 0, 0, 0, 0, 1, },
		{ 1, 0, 0, 0, 0, 0.98860263824463, -0.15054823458195, 0, 0, 0.15054823458195, 0.98860263824463, 0, 0, 0, 0, 1, },
		{ 1, 0, 0, 0, 0, 0.98574024438858, -0.16827401518822, 0, 0, 0.16827401518822, 0.98574024438858, 0, 0, 0, 0, 1, },
		{ 1, 0, 0, 0, 0, 0.98244750499725, -0.18653939664364, 0, 0, 0.18653939664364, 0.98244750499725, 0, 0, 0, 0, 1, },
		{ 1, 0, 0, 0, 0, 0.9787061214447, -0.20526650547981, 0, 0, 0.20526650547981, 0.9787061214447, 0, 0, 0, 0, 1, },
		{ 1, 0, 0, 0, 0, 0.97450250387192, -0.22437693178654, 0, 0, 0.22437693178654, 0.97450250387192, 0, 0, 0, 0, 1, },
		{ 1, 0, 0, 0, 0, 0.96982753276825, -0.24379223585129, 0, 0, 0.24379223585129, 0.96982753276825, 0, 0, 0, 0, 1, },
		{ 1, 0, 0, 0, 0, 0.96467733383179, -0.26343432068825, 0, 0, 0.26343432068825, 0.96467733383179, 0, 0, 0, 0, 1, },
		{ 1, 0, 0, 0, 0, 0.95905333757401, -0.28322547674179, 0, 0, 0.28322547674179, 0.95905333757401, 0, 0, 0, 0, 1, },
		{ 1, 0, 0, 0, 0, 0.95296221971512, -0.30308881402016, 0, 0, 0.30308881402016, 0.95296221971512, 0, 0, 0, 0, 1, },
		{ 1, 0, 0, 0, 0, 0.94641649723053, -0.32294842600822, 0, 0, 0.32294842600822, 0.94641649723053, 0, 0, 0, 0, 1, },
		{ 1, 0, 0, 0, 0, 0.93943405151367, -0.34272992610931, 0, 0, 0.34272992610931, 0.93943405151367, 0, 0, 0, 0, 1, },
		{ 1, 0, 0, 0, 0, 0.93203794956207, -0.36236062645912, 0, 0, 0.36236062645912, 0.93203794956207, 0, 0, 0, 0, 1, },
		{ 1, 0, 0, 0, 0, 0.92425739765167, -0.38176971673965, 0, 0, 0.38176971673965, 0.92425739765167, 0, 0, 0, 0, 1, },
		{ 1, 0, 0, 0, 0, 0.91612666845322, -0.40088883042336, 0, 0, 0.40088883042336, 0.91612666845322, 0, 0, 0, 0, 1, },
		{ 1, 0, 0, 0, 0, 0.90768504142761, -0.41965198516846, 0, 0, 0.41965198516846, 0.90768504142761, 0, 0, 0, 0, 1, },
		{ 1, 0, 0, 0, 0, 0.89897680282593, -0.43799611926079, 0, 0, 0.43799611926079, 0.89897680282593, 0, 0, 0, 0, 1, },
		{ 1, 0, 0, 0, 0, 0.8900511264801, -0.45586061477661, 0, 0, 0.45586061477661, 0.8900511264801, 0, 0, 0, 0, 1, },
		{ 1, 0, 0, 0, 0, 0.88096112012863, -0.47318851947784, 0, 0, 0.47318851947784, 0.88096112012863, 0, 0, 0, 0, 1, },
		{ 1, 0, 0, 0, 0, 0.87176448106766, -0.48992517590523, 0, 0, 0.48992517590523, 0.87176448106766, 0, 0, 0, 0, 1, },
		{ 1, 0, 0, 0, 0, 0.86252164840698, -0.50602000951767, 0, 0, 0.50602000951767, 0.86252164840698, 0, 0, 0, 0, 1, },
		{ 1, 0, 0, 0, 0, 0.85329723358154, -0.52142465114594, 0, 0, 0.52142465114594, 0.85329723358154, 0, 0, 0, 0, 1, },
		{ 1, 0, 0, 0, 0, 0.84415793418884, -0.53609436750412, 0, 0, 0.53609436750412, 0.84415793418884, 0, 0, 0, 0, 1, },
		{ 1, 0, 0, 0, 0, 0.83517301082611, -0.54998725652695, 0, 0, 0.54998725652695, 0.83517301082611, 0, 0, 0, 0, 1, },
		{ 1, 0, 0, 0, 0, 0.82641363143921, -0.56306338310242, 0, 0, 0.56306338310242, 0.82641363143921, 0, 0, 0, 0, 1, },
		{ 1, 0, 0, 0, 0, 0.81795221567154, -0.57528603076935, 0, 0, 0.57528603076935, 0.81795221567154, 0, 0, 0, 0, 1, },
		{ 1, 0, 0, 0, 0, 0.80986189842224, -0.58662062883377, 0, 0, 0.58662062883377, 0.80986189842224, 0, 0, 0, 0, 1, },
		{ 1, 0, 0, 0, 0, 0.8022164106369, -0.59703332185745, 0, 0, 0.59703332185745, 0.8022164106369, 0, 0, 0, 0, 1, },
		{ 1, 0, 0, 0, 0, 0.79508936405182, -0.60649234056473, 0, 0, 0.60649234056473, 0.79508936405182, 0, 0, 0, 0, 1, },
		{ 1, 0, 0, 0, 0, 0.78855323791504, -0.61496633291245, 0, 0, 0.61496633291245, 0.78855323791504, 0, 0, 0, 0, 1, },
		{ 1, 0, 0, 0, 0, 0.78268015384674, -0.62242394685745, 0, 0, 0.62242394685745, 0.78268015384674, 0, 0, 0, 0, 1, },
		{ 1, 0, 0, 0, 0, 0.77753967046738, -0.62883377075195, 0, 0, 0.62883377075195, 0.77753967046738, 0, 0, 0, 0, 1, },
		{ 1, 0, 0, 0, 0, 0.77319902181625, -0.63416332006454, 0, 0, 0.63416332006454, 0.77319902181625, 0, 0, 0, 0, 1, },
		{ 1, 0, 0, 0, 0, 0.76972329616547, -0.6383775472641, 0, 0, 0.6383775472641, 0.76972329616547, 0, 0, 0, 0, 1, },
		{ 1, 0, 0, 0, 0, 0.7671731710434, -0.64143997430801, 0, 0, 0.64143997430801, 0.7671731710434, 0, 0, 0, 0, 1, },
		{ 1, 0, 0, 0, 0, 0.76560550928116, -0.64331036806107, 0, 0, 0.64331036806107, 0.76560550928116, 0, 0, 0, 0, 1, },
		{ 1, 0, 0, 0, 0, 0.76507234573364, -0.64394420385361, 0, 0, 0.64394420385361, 0.76507234573364, 0, 0, 0, 0, 1, },
	},
}
end
