function data()
return {
	times = { 0, 41.667, 83.333, 125, 166.667, 208.333, 250, 291.667, 333.333, 375, 416.667, 458.333, 500, 541.667, 583.333, 625, 666.667, 708.333, 750, 791.667, 833.333, 875, 916.667, 958.333, 1000, 1041.667, 1083.333, 1125, 1166.667, 1208.333, 1250, 1291.667, 1333.333, 1375, 1416.667, 1458.333, 1500, 1541.667, 1583.333, 1625, 1666.667, 1708.333, 1750, 1791.667, 1833.333, 1875, 1916.667, 1958.333, 2000, 2041.667, 2083.333, },
	transfs = {
		{ 1, 0, 0, 0, 0, 1, 0, 0, 0, 0, 1, 0, -6.1035154885758e-07, 0, 0, 1, },
		{ 1, 0, 0, 0, 0, 0.99999958276749, 0.00082401395775378, 0, 0, -0.00082401395775378, 0.99999958276749, 0, -6.1035154885758e-07, 0, 0, 1, },
		{ 1, 0, 0, 0, 0, 0.99999469518661, 0.0032515083439648, 0, 0, -0.0032515083439648, 0.99999469518661, 0, -6.1035154885758e-07, 0, 0, 1, },
		{ 1, 0, 0, 0, 0, 0.99997401237488, 0.0072156256064773, 0, 0, -0.0072156256064773, 0.99997401237488, 0, -6.1035154885758e-07, 0, 0, 1, },
		{ 1, 0, 0, 0, 0, 0.99991995096207, 0.012649386189878, 0, 0, -0.012649386189878, 0.99991995096207, 0, -6.1035154885758e-07, 0, 0, 1, },
		{ 1, 0, 0, 0, 0, 0.99981015920639, 0.019485576078296, 0, 0, -0.019485576078296, 0.99981015920639, 0, -6.1035154885758e-07, 0, 0, 1, },
		{ 1, 0, 0, 0, 0, 0.99961745738983, 0.027656612917781, 0, 0, -0.027656612917781, 0.99961745738983, 0, -6.1035154885758e-07, 0, 0, 1, },
		{ 1, 0, 0, 0, 0, 0.99931180477142, 0.037094376981258, 0, 0, -0.037094376981258, 0.99931180477142, 0, -6.1035154885758e-07, 0, 0, 1, },
		{ 1, 0, 0, 0, 0, 0.99886029958725, 0.047730103135109, 0, 0, -0.047730103135109, 0.99886029958725, 0, -6.1035154885758e-07, 0, 0, 1, },
		{ 1, 0, 0, 0, 0, 0.99822860956192, 0.059494271874428, 0, 0, -0.059494271874428, 0.99822860956192, 0, -6.1035154885758e-07, 0, 0, 1, },
		{ 1, 0, 0, 0, 0, 0.99738174676895, 0.072316385805607, 0, 0, -0.072316385805607, 0.99738174676895, 0, -6.1035154885758e-07, 0, 0, 1, },
		{ 1, 0, 0, 0, 0, 0.99628436565399, 0.086125075817108, 0, 0, -0.086125075817108, 0.99628436565399, 0, -6.1035154885758e-07, 0, 0, 1, },
		{ 1, 0, 0, 0, 0, 0.99490189552307, 0.10084789246321, 0, 0, -0.10084789246321, 0.99490189552307, 0, -6.1035154885758e-07, 0, 0, 1, },
		{ 1, 0, 0, 0, 0, 0.99320101737976, 0.1164113432169, 0, 0, -0.1164113432169, 0.99320101737976, 0, -6.1035154885758e-07, 0, 0, 1, },
		{ 1, 0, 0, 0, 0, 0.99115073680878, 0.13274092972279, 0, 0, -0.13274092972279, 0.99115073680878, 0, -6.1035154885758e-07, 0, 0, 1, },
		{ 1, 0, 0, 0, 0, 0.98872220516205, 0.14976124465466, 0, 0, -0.14976124465466, 0.98872220516205, 0, -6.1035154885758e-07, 0, 0, 1, },
		{ 1, 0, 0, 0, 0, 0.98588967323303, 0.16739605367184, 0, 0, -0.16739605367184, 0.98588967323303, 0, -6.1035154885758e-07, 0, 0, 1, },
		{ 1, 0, 0, 0, 0, 0.9826312661171, 0.18556833267212, 0, 0, -0.18556833267212, 0.9826312661171, 0, -6.1035154885758e-07, 0, 0, 1, },
		{ 1, 0, 0, 0, 0, 0.97892910242081, 0.20420064032078, 0, 0, -0.20420064032078, 0.97892910242081, 0, -6.1035154885758e-07, 0, 0, 1, },
		{ 1, 0, 0, 0, 0, 0.97476923465729, 0.22321513295174, 0, 0, -0.22321513295174, 0.97476923465729, 0, -6.1035154885758e-07, 0, 0, 1, },
		{ 1, 0, 0, 0, 0, 0.97014290094376, 0.24253402650356, 0, 0, -0.24253402650356, 0.97014290094376, 0, -6.1035154885758e-07, 0, 0, 1, },
		{ 1, 0, 0, 0, 0, 0.9650462269783, 0.26207953691483, 0, 0, -0.26207953691483, 0.9650462269783, 0, -6.1035154885758e-07, 0, 0, 1, },
		{ 1, 0, 0, 0, 0, 0.9594806432724, 0.28177466988564, 0, 0, -0.28177466988564, 0.9594806432724, 0, -6.1035154885758e-07, 0, 0, 1, },
		{ 1, 0, 0, 0, 0, 0.95345264673233, 0.3015428185463, 0, 0, -0.3015428185463, 0.95345264673233, 0, -6.1035154885758e-07, 0, 0, 1, },
		{ 1, 0, 0, 0, 0, 0.94697457551956, 0.32130873203278, 0, 0, -0.32130873203278, 0.94697457551956, 0, -6.1035154885758e-07, 0, 0, 1, },
		{ 1, 0, 0, 0, 0, 0.94006389379501, 0.34099844098091, 0, 0, -0.34099844098091, 0.94006389379501, 0, -6.1035154885758e-07, 0, 0, 1, },
		{ 1, 0, 0, 0, 0, 0.93274384737015, 0.36053976416588, 0, 0, -0.36053976416588, 0.93274384737015, 0, -6.1035154885758e-07, 0, 0, 1, },
		{ 1, 0, 0, 0, 0, 0.92504322528839, 0.37986201047897, 0, 0, -0.37986201047897, 0.92504322528839, 0, -6.1035154885758e-07, 0, 0, 1, },
		{ 1, 0, 0, 0, 0, 0.91699546575546, 0.3988975584507, 0, 0, -0.3988975584507, 0.91699546575546, 0, -6.1035154885758e-07, 0, 0, 1, },
		{ 1, 0, 0, 0, 0, 0.90863990783691, 0.41758054494858, 0, 0, -0.41758054494858, 0.90863990783691, 0, -6.1035154885758e-07, 0, 0, 1, },
		{ 1, 0, 0, 0, 0, 0.90002024173737, 0.43584811687469, 0, 0, -0.43584811687469, 0.90002024173737, 0, -6.1035154885758e-07, 0, 0, 1, },
		{ 1, 0, 0, 0, 0, 0.89118498563766, 0.45364019274712, 0, 0, -0.45364019274712, 0.89118498563766, 0, -6.1035154885758e-07, 0, 0, 1, },
		{ 1, 0, 0, 0, 0, 0.88218683004379, 0.47089964151382, 0, 0, -0.47089964151382, 0.88218683004379, 0, -6.1035154885758e-07, 0, 0, 1, },
		{ 1, 0, 0, 0, 0, 0.87308239936829, 0.48757261037827, 0, 0, -0.48757261037827, 0.87308239936829, 0, -6.1035154885758e-07, 0, 0, 1, },
		{ 1, 0, 0, 0, 0, 0.86393254995346, 0.50360769033432, 0, 0, -0.50360769033432, 0.86393254995346, 0, -6.1035154885758e-07, 0, 0, 1, },
		{ 1, 0, 0, 0, 0, 0.85480016469955, 0.51895725727081, 0, 0, -0.51895725727081, 0.85480016469955, 0, -6.1035154885758e-07, 0, 0, 1, },
		{ 1, 0, 0, 0, 0, 0.84575188159943, 0.53357630968094, 0, 0, -0.53357630968094, 0.84575188159943, 0, -6.1035154885758e-07, 0, 0, 1, },
		{ 1, 0, 0, 0, 0, 0.83685618638992, 0.54742288589478, 0, 0, -0.54742288589478, 0.83685618638992, 0, -6.1035154885758e-07, 0, 0, 1, },
		{ 1, 0, 0, 0, 0, 0.82818335294724, 0.56045722961426, 0, 0, -0.56045722961426, 0.82818335294724, 0, -6.1035154885758e-07, 0, 0, 1, },
		{ 1, 0, 0, 0, 0, 0.81980514526367, 0.57264256477356, 0, 0, -0.57264256477356, 0.81980514526367, 0, -6.1035154885758e-07, 0, 0, 1, },
		{ 1, 0, 0, 0, 0, 0.81179440021515, 0.58394342660904, 0, 0, -0.58394342660904, 0.81179440021515, 0, -6.1035154885758e-07, 0, 0, 1, },
		{ 1, 0, 0, 0, 0, 0.80422377586365, 0.59432655572891, 0, 0, -0.59432655572891, 0.80422377586365, 0, -6.1035154885758e-07, 0, 0, 1, },
		{ 1, 0, 0, 0, 0, 0.79716628789902, 0.60375982522964, 0, 0, -0.60375982522964, 0.79716628789902, 0, -6.1035154885758e-07, 0, 0, 1, },
		{ 1, 0, 0, 0, 0, 0.79069405794144, 0.61221152544022, 0, 0, -0.61221152544022, 0.79069405794144, 0, -6.1035154885758e-07, 0, 0, 1, },
		{ 1, 0, 0, 0, 0, 0.7848778963089, 0.61965054273605, 0, 0, -0.61965054273605, 0.7848778963089, 0, -6.1035154885758e-07, 0, 0, 1, },
		{ 1, 0, 0, 0, 0, 0.77978712320328, 0.62604475021362, 0, 0, -0.62604475021362, 0.77978712320328, 0, -6.1035154885758e-07, 0, 0, 1, },
		{ 1, 0, 0, 0, 0, 0.77548867464066, 0.63136142492294, 0, 0, -0.63136142492294, 0.77548867464066, 0, -6.1035154885758e-07, 0, 0, 1, },
		{ 1, 0, 0, 0, 0, 0.77204632759094, 0.63556623458862, 0, 0, -0.63556623458862, 0.77204632759094, 0, -6.1035154885758e-07, 0, 0, 1, },
		{ 1, 0, 0, 0, 0, 0.76952075958252, 0.63862186670303, 0, 0, -0.63862186670303, 0.76952075958252, 0, -6.1035154885758e-07, 0, 0, 1, },
		{ 1, 0, 0, 0, 0, 0.76796835660934, 0.64048779010773, 0, 0, -0.64048779010773, 0.76796835660934, 0, -6.1035154885758e-07, 0, 0, 1, },
		{ 1, 0, 0, 0, 0, 0.76744014024734, 0.64112061262131, 0, 0, -0.64112061262131, 0.76744014024734, 0, -6.1035154885758e-07, 0, 0, 1, },
	},
}
end
